
    0.0001
    0.0001
    0.0002
    0.0002
    0.0002
    0.0002
    0.0003
    0.0003
    0.0003
    0.0004
    0.0004
    0.0005
    0.0005
    0.0006
    0.0007
    0.0007
    0.0008
    0.0010
    0.0011
    0.0012
    0.0014
    0.0015
    0.0016
    0.0018
    0.0020
    0.0022
    0.0025
    0.0029
    0.0033
    0.0038
    0.0042
    0.0048
    0.0053
    0.0060
    0.0067
    0.0076
    0.0088
    0.0100
    0.0114
    0.0129
    0.0143
    0.0157
    0.0171
    0.0188
    0.0207
    0.0232
    0.0262
    0.0298
    0.0339
    0.0385
    0.0435
    0.0490
    0.0550
    0.0617
    0.0692
    0.0776
    0.0870
    0.0972
    0.1084
    0.1208
    0.1344
    0.1494
    0.1654
    0.1820
    0.1986
    0.2148
    0.2302
    0.2449
    0.2588
    0.2718
    0.2839
    0.2949
    0.3049
    0.3138
    0.3216
    0.3285
    0.3344
    0.3392
    0.3431
    0.3461
    0.3483
    0.3496
    0.3501
    0.3500
    0.3493
    0.3481
    0.3464
    0.3443
    0.3418
    0.3391
    0.3362
    0.3332
    0.3300
    0.3266
    0.3229
    0.3187
    0.3140
    0.3089
    0.3033
    0.2973
    0.2908
    0.2840
    0.2767
    0.2689
    0.2604
    0.2511
    0.2408
    0.2299
    0.2184
    0.2068
    0.1954
    0.1842
    0.1733
    0.1627
    0.1523
    0.1421
    0.1322
    0.1226
    0.1133
    0.1043
    0.0956
    0.0873
    0.0793
    0.0717
    0.0646
    0.0580
    0.0519
    0.0463
    0.0412
    0.0364
    0.0320
    0.0279
    0.0241
    0.0207
    0.0175
    0.0147
    0.0122
    0.0099
    0.0080
    0.0063
    0.0049
    0.0038
    0.0029
    0.0024
    0.0022
    0.0024
    0.0029
    0.0038
    0.0052
    0.0070
    0.0093
    0.0121
    0.0155
    0.0195
    0.0240
    0.0291
    0.0348
    0.0411
    0.0480
    0.0554
    0.0633
    0.0716
    0.0805
    0.0897
    0.0995
    0.1096
    0.1202
    0.1311
    0.1424
    0.1539
    0.1655
    0.1773
    0.1891
    0.2012
    0.2134
    0.2257
    0.2383
    0.2511
    0.2640
    0.2771
    0.2904
    0.3039
    0.3176
    0.3314
    0.3455
    0.3597
    0.3741
    0.3886
    0.4034
    0.4183
    0.4334
    0.4488
    0.4643
    0.4801
    0.4960
    0.5121
    0.5283
    0.5447
    0.5612
    0.5778
    0.5945
    0.6112
    0.6280
    0.6448
    0.6616
    0.6784
    0.6952
    0.7121
    0.7288
    0.7455
    0.7621
    0.7785
    0.7948
    0.8109
    0.8268
    0.8425
    0.8579
    0.8731
    0.8879
    0.9023
    0.9163
    0.9298
    0.9428
    0.9553
    0.9672
    0.9786
    0.9894
    0.9995
    1.0091
    1.0180
    1.0263
    1.0340
    1.0410
    1.0472
    1.0525
    1.0567
    1.0598
    1.0618
    1.0628
    1.0629
    1.0622
    1.0607
    1.0584
    1.0552
    1.0510
    1.0456
    1.0390
    1.0314
    1.0227
    1.0130
    1.0026
    0.9914
    0.9793
    0.9665
    0.9528
    0.9384
    0.9232
    0.9072
    0.8905
    0.8729
    0.8544
    0.8351
    0.8149
    0.7942
    0.7730
    0.7514
    0.7296
    0.7076
    0.6856
    0.6638
    0.6424
    0.6215
    0.6011
    0.5811
    0.5614
    0.5419
    0.5226
    0.5035
    0.4847
    0.4662
    0.4479
    0.4299
    0.4121
    0.3946
    0.3775
    0.3608
    0.3445
    0.3285
    0.3130
    0.2980
    0.2835
    0.2695
    0.2561
    0.2432
    0.2307
    0.2187
    0.2071
    0.1959
    0.1852
    0.1748
    0.1649
    0.1554
    0.1462
    0.1375
    0.1291
    0.1212
    0.1136
    0.1065
    0.0997
    0.0933
    0.0874
    0.0819
    0.0768
    0.0721
    0.0677
    0.0636
    0.0598
    0.0563
    0.0530
    0.0498
    0.0468
    0.0438
    0.0409
    0.0381
    0.0354
    0.0329
    0.0306
    0.0284
    0.0263
    0.0245
    0.0227
    0.0211
    0.0196
    0.0182
    0.0170
    0.0158
    0.0148
    0.0138
    0.0129
    0.0121
    0.0114
    0.0106
    0.0099
    0.0093
    0.0087
    0.0081
    0.0076
    0.0071
    0.0066
    0.0062
    0.0058
    0.0054
    0.0051
    0.0047
    0.0044
    0.0041
    0.0038
    0.0036
    0.0033
    0.0031
    0.0029
    0.0027
    0.0025
    0.0024
    0.0022
    0.0020
    0.0019
    0.0018
    0.0017
    0.0015
    0.0014
    0.0013
    0.0012
    0.0012
    0.0011
    0.0010
    0.0009
    0.0009
    0.0008
    0.0007
    0.0007
    0.0006
    0.0006
    0.0006
    0.0005
    0.0005
    0.0004
    0.0004
    0.0004
    0.0004
    0.0003
    0.0003
    0.0003
    0.0003
    0.0003
    0.0002
    0.0002
    0.0002
    0.0002
    0.0002
    0.0002
    0.0002
    0.0001
    0.0001
    0.0001
    0.0001
    0.0001
    0.0001
    0.0001
    0.0001
    0.0001
    0.0001
    0.0001
    0.0001
    0.0001
    0.0001
    0.0001
    0.0001
    0.0000
    0.0000
    0.0000
    0.0000
    0.0000
    0.0000
    0.0000
    0.0000
    0.0000
    0.0000
    0.0000
    0.0000
    0.0000
    0.0000
    0.0000
    0.0000
    0.0000
    0.0000
    0.0000
    0.0000
    0.0000
    0.0000
    0.0000
    0.0000
    0.0000
    0.0000
    0.0000
    0.0000
    0.0000
    0.0000
    0.0000
    0.0000
    0.0000
    0.0000
    0.0000
    0.0000
    0.0000
    0.0000
    0.0000
    0.0000
    0.0000
    0.0000
    0.0000
    0.0000
    0.0000
    0.0000
    0.0000
    0.0000
    0.0000
    0.0000
    0.0000
    0.0000
    0.0000
