    0.0000
    0.0000
    0.0000
    0.0000
    0.0000
    0.0000
    0.0000
    0.0000
    0.0000
    0.0000
    0.0000
    0.0000
    0.0000
    0.0000
    0.0000
    0.0000
    0.0000
    0.0000
    0.0000
    0.0000
    0.0000
    0.0000
    0.0000
    0.0001
    0.0001
    0.0001
    0.0001
    0.0001
    0.0001
    0.0001
    0.0001
    0.0001
    0.0002
    0.0002
    0.0002
    0.0002
    0.0002
    0.0003
    0.0003
    0.0004
    0.0004
    0.0004
    0.0005
    0.0005
    0.0006
    0.0006
    0.0007
    0.0008
    0.0009
    0.0011
    0.0012
    0.0014
    0.0015
    0.0017
    0.0019
    0.0022
    0.0025
    0.0028
    0.0031
    0.0035
    0.0040
    0.0045
    0.0052
    0.0058
    0.0065
    0.0073
    0.0081
    0.0089
    0.0098
    0.0107
    0.0116
    0.0126
    0.0136
    0.0146
    0.0157
    0.0168
    0.0180
    0.0192
    0.0205
    0.0217
    0.0230
    0.0243
    0.0256
    0.0270
    0.0284
    0.0298
    0.0313
    0.0329
    0.0345
    0.0362
    0.0380
    0.0398
    0.0418
    0.0438
    0.0458
    0.0480
    0.0502
    0.0526
    0.0550
    0.0575
    0.0600
    0.0626
    0.0653
    0.0680
    0.0709
    0.0739
    0.0770
    0.0803
    0.0837
    0.0872
    0.0910
    0.0949
    0.0990
    0.1034
    0.1079
    0.1126
    0.1175
    0.1227
    0.1280
    0.1335
    0.1390
    0.1447
    0.1505
    0.1565
    0.1627
    0.1693
    0.1762
    0.1836
    0.1913
    0.1994
    0.2080
    0.2171
    0.2267
    0.2369
    0.2475
    0.2586
    0.2702
    0.2823
    0.2951
    0.3086
    0.3230
    0.3384
    0.3547
    0.3717
    0.3893
    0.4073
    0.4256
    0.4443
    0.4634
    0.4829
    0.5030
    0.5236
    0.5445
    0.5657
    0.5870
    0.6082
    0.6293
    0.6503
    0.6709
    0.6908
    0.7100
    0.7282
    0.7455
    0.7620
    0.7778
    0.7932
    0.8081
    0.8225
    0.8363
    0.8495
    0.8620
    0.8738
    0.8850
    0.8955
    0.9054
    0.9149
    0.9237
    0.9321
    0.9399
    0.9472
    0.9540
    0.9603
    0.9660
    0.9713
    0.9760
    0.9803
    0.9841
    0.9874
    0.9903
    0.9928
    0.9950
    0.9967
    0.9981
    0.9991
    0.9997
    1.0000
    0.9999
    0.9993
    0.9983
    0.9969
    0.9950
    0.9926
    0.9897
    0.9864
    0.9827
    0.9786
    0.9741
    0.9692
    0.9639
    0.9581
    0.9520
    0.9455
    0.9385
    0.9312
    0.9235
    0.9154
    0.9070
    0.8983
    0.8892
    0.8798
    0.8700
    0.8599
    0.8494
    0.8386
    0.8276
    0.8163
    0.8048
    0.7931
    0.7812
    0.7692
    0.7570
    0.7448
    0.7324
    0.7200
    0.7075
    0.6949
    0.6822
    0.6695
    0.6567
    0.6438
    0.6310
    0.6182
    0.6053
    0.5925
    0.5796
    0.5668
    0.5540
    0.5411
    0.5284
    0.5156
    0.5030
    0.4905
    0.4780
    0.4657
    0.4534
    0.4412
    0.4291
    0.4170
    0.4050
    0.3930
    0.3810
    0.3689
    0.3568
    0.3448
    0.3328
    0.3210
    0.3093
    0.2979
    0.2866
    0.2756
    0.2650
    0.2548
    0.2449
    0.2353
    0.2261
    0.2170
    0.2082
    0.1995
    0.1912
    0.1830
    0.1750
    0.1672
    0.1596
    0.1523
    0.1451
    0.1382
    0.1315
    0.1250
    0.1188
    0.1128
    0.1070
    0.1015
    0.0962
    0.0911
    0.0863
    0.0816
    0.0771
    0.0728
    0.0687
    0.0648
    0.0610
    0.0574
    0.0540
    0.0507
    0.0475
    0.0446
    0.0418
    0.0391
    0.0366
    0.0342
    0.0320
    0.0300
    0.0281
    0.0263
    0.0247
    0.0232
    0.0218
    0.0205
    0.0193
    0.0181
    0.0170
    0.0159
    0.0148
    0.0138
    0.0128
    0.0119
    0.0111
    0.0103
    0.0095
    0.0088
    0.0082
    0.0076
    0.0071
    0.0066
    0.0061
    0.0057
    0.0053
    0.0050
    0.0047
    0.0044
    0.0041
    0.0038
    0.0036
    0.0034
    0.0031
    0.0029
    0.0027
    0.0026
    0.0024
    0.0022
    0.0021
    0.0020
    0.0018
    0.0017
    0.0016
    0.0015
    0.0014
    0.0013
    0.0012
    0.0011
    0.0010
    0.0010
    0.0009
    0.0009
    0.0008
    0.0007
    0.0007
    0.0006
    0.0006
    0.0006
    0.0005
    0.0005
    0.0005
    0.0004
    0.0004
    0.0004
    0.0003
    0.0003
    0.0003
    0.0003
    0.0002
    0.0002
    0.0002
    0.0002
    0.0002
    0.0002
    0.0002
    0.0001
    0.0001
    0.0001
    0.0001
    0.0001
    0.0001
    0.0001
    0.0001
    0.0001
    0.0001
    0.0001
    0.0001
    0.0001
    0.0001
    0.0001
    0.0001
    0.0000
    0.0000
    0.0000
    0.0000
    0.0000
    0.0000
    0.0000
    0.0000
    0.0000
    0.0000
    0.0000
    0.0000
    0.0000
    0.0000
    0.0000
    0.0000
    0.0000
    0.0000
    0.0000
    0.0000
    0.0000
    0.0000
    0.0000
    0.0000
    0.0000
    0.0000
    0.0000
    0.0000
    0.0000
    0.0000
    0.0000
    0.0000
    0.0000
    0.0000
    0.0000
    0.0000
    0.0000
    0.0000
    0.0000
    0.0000
    0.0000
    0.0000
    0.0000
    0.0000
    0.0000
    0.0000
    0.0000
    0.0000
    0.0000
    0.0000
    0.0000
    0.0000
    0.0000
    0.0000
    0.0000
    0.0000
    0.0000
    0.0000
    0.0000
    0.0000
    0.0000
    0.0000
    0.0000
    0.0000
    0.0000
    0.0000
    0.0000
    0.0000
