 0.0006
    0.0007
    0.0008
    0.0009
    0.0010
    0.0011
    0.0012
    0.0014
    0.0015
    0.0017
    0.0019
    0.0022
    0.0024
    0.0027
    0.0031
    0.0035
    0.0040
    0.0045
    0.0052
    0.0058
    0.0065
    0.0071
    0.0077
    0.0085
    0.0094
    0.0105
    0.0120
    0.0137
    0.0156
    0.0177
    0.0201
    0.0225
    0.0252
    0.0283
    0.0319
    0.0362
    0.0414
    0.0475
    0.0541
    0.0610
    0.0679
    0.0745
    0.0814
    0.0892
    0.0985
    0.1102
    0.1246
    0.1417
    0.1613
    0.1833
    0.2074
    0.2337
    0.2626
    0.2948
    0.3308
    0.3713
    0.4162
    0.4655
    0.5197
    0.5795
    0.6456
    0.7185
    0.7967
    0.8778
    0.9594
    1.0391
    1.1154
    1.1885
    1.2581
    1.3239
    1.3856
    1.4426
    1.4948
    1.5422
    1.5849
    1.6230
    1.6564
    1.6853
    1.7099
    1.7304
    1.7471
    1.7600
    1.7696
    1.7763
    1.7804
    1.7826
    1.7830
    1.7817
    1.7792
    1.7759
    1.7721
    1.7683
    1.7640
    1.7589
    1.7525
    1.7441
    1.7336
    1.7209
    1.7059
    1.6887
    1.6692
    1.6475
    1.6234
    1.5960
    1.5645
    1.5281
    1.4861
    1.4395
    1.3899
    1.3387
    1.2876
    1.2374
    1.1878
    1.1388
    1.0901
    1.0419
    0.9942
    0.9473
    0.9015
    0.8566
    0.8130
    0.7705
    0.7294
    0.6899
    0.6521
    0.6162
    0.5823
    0.5504
    0.5203
    0.4920
    0.4652
    0.4399
    0.4162
    0.3939
    0.3729
    0.3533
    0.3349
    0.3176
    0.3013
    0.2862
    0.2720
    0.2588
    0.2465
    0.2348
    0.2235
    0.2123
    0.2012
    0.1901
    0.1792
    0.1686
    0.1582
    0.1481
    0.1384
    0.1290
    0.1201
    0.1117
    0.1039
    0.0967
    0.0900
    0.0838
    0.0782
    0.0732
    0.0687
    0.0646
    0.0608
    0.0573
    0.0539
    0.0507
    0.0478
    0.0449
    0.0422
    0.0395
    0.0369
    0.0345
    0.0321
    0.0298
    0.0277
    0.0257
    0.0238
    0.0220
    0.0203
    0.0187
    0.0172
    0.0159
    0.0146
    0.0134
    0.0123
    0.0113
    0.0104
    0.0095
    0.0087
    0.0080
    0.0074
    0.0068
    0.0062
    0.0057
    0.0053
    0.0049
    0.0045
    0.0042
    0.0039
    0.0036
    0.0034
    0.0031
    0.0029
    0.0027
    0.0026
    0.0024
    0.0023
    0.0022
    0.0021
    0.0020
    0.0019
    0.0019
    0.0018
    0.0018
    0.0018
    0.0017
    0.0017
    0.0017
    0.0017
    0.0016
    0.0016
    0.0015
    0.0015
    0.0014
    0.0013
    0.0013
    0.0012
    0.0011
    0.0011
    0.0011
    0.0010
    0.0010
    0.0010
    0.0010
    0.0010
    0.0009
    0.0009
    0.0008
    0.0008
    0.0008
    0.0007
    0.0007
    0.0006
    0.0006
    0.0005
    0.0005
    0.0004
    0.0004
    0.0003
    0.0003
    0.0003
    0.0003
    0.0003
    0.0002
    0.0002
    0.0002
    0.0002
    0.0002
    0.0002
    0.0002
    0.0002
    0.0001
    0.0001
    0.0001
    0.0001
    0.0001
    0.0001
    0.0001
    0.0000
    0.0000
    0.0000
    0.0000
    0.0000
    0.0000
    0.0000
    0.0000
    0.0000
    0.0000
    0.0000
    0.0000
    0.0000
    0.0000
    0.0000
    0.0000
    0.0000
    0.0000
    0.0000
    0.0000
         0
         0
         0
         0
         0
         0
         0
         0
         0
         0
         0
         0
         0
         0
         0
         0
         0
         0
         0
         0
         0
         0
         0
         0
         0
         0
         0
         0
         0
         0
         0
         0
         0
         0
         0
         0
         0
         0
         0
         0
         0
         0
         0
         0
         0
         0
         0
         0
         0
         0
         0
         0
         0
         0
         0
         0
         0
         0
         0
         0
         0
         0
         0
         0
         0
         0
         0
         0
         0
         0
         0
         0
         0
         0
         0
         0
         0
         0
         0
         0
         0
         0
         0
         0
         0
         0
         0
         0
         0
         0
         0
         0
         0
         0
         0
         0
         0
         0
         0
         0
         0
         0
         0
         0
         0
         0
         0
         0
         0
         0
         0
         0
         0
         0
         0
         0
         0
         0
         0
         0
         0
         0
         0
         0
         0
         0
         0
         0
         0
         0
         0
         0
         0
         0
         0
         0
         0
         0
         0
         0
         0
         0
         0
         0
         0
         0
         0
         0
         0
         0
         0
         0
         0
         0
         0
         0
         0
         0
         0
         0
         0
         0
         0
         0
         0
         0
         0
         0
         0
         0
         0
         0
         0
         0
         0
         0
         0
         0
         0
         0
         0
